00011000000010100000000000000000
00011000000011000001010111111000
00011000000000100000000000000000
00011000000001000001010111111001
00011000000011100000000000000000
00011000000100000000000000000000
00100000001010000000000010010110
01100001010011000000000000010101
00000000000000000000000000000000
00000000000000000000000000000000
01110000011100100000000000000000
00000000000000000000000000000000
00000000000000000000000000000000
00000000000000000000000000000000
00010110011010010101000000000000
00000000000000000000000000000000
00000000000000000000000000000000
00000000000000000000000000000000
10000000101010100000000000000000
00000000000000000000000000000000
00000000000000000000000000000000
00000000000000000000000000000000
10011000010000100000000000000001
10011000100001000000000000000001
10011001010010100000000000000001
00000000000000000000000000000000
00000000000000000000000000000000
01100001110100011111111111101011
00000000000000000000000000000000
00011000000101000000000000000000
00011000000101100001010111111000
00011000000110000001010111111001
00011000000110100010101111110010
01100010100101100000000000010101
00000000000000000000000000000000
00000000000000000000000000000000
01110011001101000000000000000000
00000000000000000000000000000000
00000000000000000000000000000000
00000000000000000000000000000000
10001110101010011011000000000000
00000000000000000000000000000000
00000000000000000000000000000000
00000000000000000000000000000000
10000011011101100000000000000000
00000000000000000000000000000000
00000000000000000000000000000000
00000000000000000000000000000000
10011011000110000000000000000001
10011011010110100000000000000001
10011010100101000000000000000001
00000000000000000000000000000000
00000000000000000000000000000000
01100001110100011111111111101011
00000000000000000000000000000000
